1e+06 1e+06 0 2900 -1400 800
1.0029e+06 998600 800 -2.81855e+10 -2.81855e+10 800
-2.81845e+10 -2.81845e+10 1600 -5.64315e+10 -5.63104e+10 -2.25306e+07
-8.46159e+10 -8.44948e+10 -2.2529e+07 -2.8246e+10 -2.81249e+10 -2.25322e+07
-1.12862e+11 -1.1262e+11 -4.50613e+07 -4.03103e+07 4.04354e+07 -1.50225e+07
-1.12902e+11 -1.12579e+11 -6.00837e+07 2.81754e+10 2.81956e+10 -3.75704e+06
-8.47268e+10 -8.43836e+10 -6.38408e+07 5.64013e+10 5.63407e+10 1.1264e+07
-2.83255e+10 -2.80429e+10 -5.25767e+07 8.46439e+10 8.4469e+10 3.25446e+07
5.63184e+10 5.6426e+10 -2.00322e+07 1.1297e+11 1.12513e+11 8.5123e+07
1.69289e+11 1.68939e+11 6.50908e+07 8.48117e+10 8.43004e+10 9.51388e+07
2.541e+11 2.53239e+11 1.6023e+08 5.65971e+10 5.6144e+10 8.42904e+07
3.10698e+11 3.09383e+11 2.4452e+08 2.83638e+10 2.80065e+10 6.64872e+07
3.39061e+11 3.3739e+11 3.11007e+08 1.18658e+08 -1.19229e+08 4.42581e+07
3.3918e+11 3.3727e+11 3.55265e+08 -2.81364e+10 -2.8235e+10 1.83409e+07
3.11044e+11 3.09035e+11 3.73606e+08 -5.64013e+10 -5.63408e+10 -1.12644e+07
2.54642e+11 2.52695e+11 3.62342e+08 -8.46779e+10 -8.44348e+10 -4.52286e+07
1.69964e+11 1.6826e+11 3.17113e+08 -1.12971e+11 -1.12512e+11 -8.54886e+07
5.69929e+10 5.5748e+10 2.31625e+08 -1.41299e+11 -1.40555e+11 -1.3834e+08
-8.43056e+10 -8.4807e+10 9.32843e+07 -1.69793e+11 -1.68427e+11 -2.54146e+08
-2.54099e+11 -2.53234e+11 -1.60862e+08 -1.41692e+11 -1.40158e+11 -2.85241e+08
-3.95791e+11 -3.93393e+11 -4.46103e+08 -1.13458e+11 -1.12021e+11 -2.67367e+08
-5.09249e+11 -5.05414e+11 -7.1347e+08 -8.51872e+10 -8.39213e+10 -2.35502e+08
-5.94436e+11 -5.89335e+11 -9.48972e+08 -5.68954e+10 -5.58426e+10 -1.95865e+08
-6.51331e+11 -6.45178e+11 -1.14484e+09 -2.85887e+10 -2.77788e+10 -1.50676e+08
-6.7992e+11 -6.72957e+11 -1.29551e+09 -2.69791e+08 2.72545e+08 -1.009e+08
-6.8019e+11 -6.72684e+11 -1.39641e+09 2.80604e+10 2.83126e+10 -4.69197e+07
-6.52129e+11 -6.44372e+11 -1.44333e+09 5.64018e+10 5.63412e+10 1.12645e+07
-5.95728e+11 -5.8803e+11 -1.43207e+09 8.47554e+10 8.43575e+10 7.40184e+07
-5.10972e+11 -5.03673e+11 -1.35805e+09 1.13123e+11 1.12359e+11 1.42212e+08
-3.97849e+11 -3.91314e+11 -1.21584e+09 1.41511e+11 1.40341e+11 2.1766e+08
-2.56338e+11 -2.50973e+11 -9.98177e+08 1.69929e+11 1.68292e+11 3.04506e+08
-8.64091e+10 -8.26806e+10 -6.93671e+08 1.98411e+11 1.96178e+11 4.15414e+08
1.12002e+11 1.13497e+11 -2.78258e+08 2.2721e+11 2.23735e+11 6.46609e+08
3.39212e+11 3.37232e+11 3.68352e+08 1.99212e+11 1.95363e+11 7.16167e+08
5.38424e+11 5.32595e+11 1.08452e+09 1.70944e+11 1.6726e+11 6.85471e+08
7.09369e+11 6.99855e+11 1.76999e+09 1.42606e+11 1.39228e+11 6.28391e+08
8.51975e+11 8.39083e+11 2.39838e+09 1.14231e+11 1.11234e+11 5.5759e+08
9.66205e+11 9.50317e+11 2.95597e+09 8.58314e+10 8.32641e+10 4.77643e+08
1.05204e+12 1.03358e+12 3.43361e+09 5.74133e+10 5.53133e+10 3.90702e+08
1.10945e+12 1.08889e+12 3.82432e+09 2.89796e+10 2.73784e+10 2.97901e+08
1.13843e+12 1.11627e+12 4.12222e+09 5.3192e+08 -5.42222e+08 1.9984e+08
1.13896e+12 1.11573e+12 4.32206e+09 -2.79291e+10 -2.84493e+10 9.6784e+07
1.11103e+12 1.08728e+12 4.41884e+09 -5.64034e+10 -5.63428e+10 -1.12683e+07
1.05463e+12 1.03094e+12 4.40757e+09 -8.48916e+10 -8.4222e+10 -1.24573e+08
9.69738e+11 9.46717e+11 4.283e+09 -1.13395e+11 -1.12085e+11 -2.43697e+08
8.56342e+11 8.34631e+11 4.0393e+09 -1.41917e+11 -1.3993e+11 -3.69668e+08
7.14425e+11 6.94701e+11 3.66963e+09 -1.70462e+11 -1.67751e+11 -5.04312e+08
5.43963e+11 5.2695e+11 3.16532e+09 -1.99039e+11 -1.95539e+11 -6.51098e+08
3.44924e+11 3.3141e+11 2.51422e+09 -2.27668e+11 -2.23273e+11 -8.17692e+08
1.17256e+11 1.08137e+11 1.69653e+09 -2.56411e+11 -2.5089e+11 -1.0272e+09
-1.39155e+11 -1.42753e+11 6.69329e+08 -2.85711e+11 -2.77911e+11 -1.45114e+09
-4.24866e+11 -4.20664e+11 -7.81807e+08 -2.57888e+11 -2.49369e+11 -1.58497e+09
-6.82754e+11 -6.70033e+11 -2.36677e+09 -2.29563e+11 -2.21324e+11 -1.53284e+09
-9.12317e+11 -8.91356e+11 -3.89962e+09 -2.01113e+11 -1.93404e+11 -1.43422e+09
-1.11343e+12 -1.08476e+12 -5.33384e+09 -1.72602e+11 -1.65549e+11 -1.31236e+09
-1.28603e+12 -1.25031e+12 -6.6462e+09 -1.44052e+11 -1.37733e+11 -1.17559e+09
-1.43008e+12 -1.38804e+12 -7.82178e+09 -1.15472e+11 -1.09948e+11 -1.02789e+09
-1.54556e+12 -1.49799e+12 -8.84967e+09 -8.68699e+10 -8.21859e+10 -8.71448e+08
-1.63243e+12 -1.58018e+12 -9.72112e+09 -5.82477e+10 -5.44445e+10 -7.0756e+08
-1.69067e+12 -1.63462e+12 -1.04287e+10 -2.96078e+10 -2.67214e+10 -5.3701e+08
-1.72028e+12 -1.66134e+12 -1.09657e+10 -9.51545e+08 9.84786e+08 -3.60248e+08
-1.72123e+12 -1.66036e+12 -1.13259e+10 2.77206e+10 2.86745e+10 -1.77482e+08
-1.69351e+12 -1.63168e+12 -1.15034e+10 5.64085e+10 5.63478e+10 1.12886e+07
-1.6371e+12 -1.57533e+12 -1.14921e+10 8.51128e+10 8.40041e+10 2.06266e+08
-1.55199e+12 -1.49133e+12 -1.12859e+10 1.13835e+11 1.11642e+11 4.07887e+08
-1.43816e+12 -1.37969e+12 -1.0878e+10 1.42576e+11 1.3926e+11 6.16889e+08
-1.29558e+12 -1.24043e+12 -1.02611e+10 1.71339e+11 1.66854e+11 8.34453e+08
-1.12424e+12 -1.07357e+12 -9.42663e+09 2.00131e+11 1.9442e+11 1.06248e+09
-9.24112e+11 -8.79154e+11 -8.36415e+09 2.28958e+11 2.21948e+11 1.30419e+09
-6.95154e+11 -6.57207e+11 -7.05996e+09 2.57836e+11 2.49421e+11 1.56557e+09
-4.37318e+11 -4.07785e+11 -5.49439e+09 2.868e+11 2.76804e+11 1.85973e+09
-1.50517e+11 -1.30981e+11 -3.63466e+09 3.15952e+11 3.03987e+11 2.22599e+09
1.65435e+11 1.73006e+11 -1.40867e+09 3.46016e+11 3.30149e+11 2.95197e+09
5.11451e+11 5.03156e+11 1.5433e+09 3.18469e+11 3.01341e+11 3.18654e+09
8.29919e+11 8.04497e+11 4.72984e+09 2.90054e+11 2.73387e+11 3.1008e+09
1.11997e+12 1.07788e+12 7.83063e+09 2.61433e+11 2.45643e+11 2.93768e+09
1.38141e+12 1.32353e+12 1.07683e+10 2.32714e+11 2.18003e+11 2.73688e+09
1.61412e+12 1.54153e+12 1.35052e+10 2.03932e+11 1.90428e+11 2.51253e+09
1.81805e+12 1.73196e+12 1.60177e+10 1.75107e+11 1.62898e+11 2.27134e+09
1.99316e+12 1.89486e+12 1.82891e+10 1.46247e+11 1.35405e+11 2.01708e+09
2.13941e+12 2.03026e+12 2.03061e+10 1.17358e+11 1.07941e+11 1.752e+09
2.25676e+12 2.1382e+12 2.20581e+10 8.84457e+10 8.05038e+10 1.47758e+09
2.34521e+12 2.21871e+12 2.35357e+10 5.95111e+10 5.30893e+10 1.19476e+09
2.40472e+12 2.2718e+12 2.47305e+10 3.05563e+10 2.56963e+10 9.04181e+08
2.43528e+12 2.29749e+12 2.56347e+10 1.58215e+09 -1.67621e+09 6.06207e+08
2.43686e+12 2.29582e+12 2.62409e+10 -2.74108e+10 -2.90287e+10 3.01017e+08
2.40945e+12 2.26679e+12 2.65419e+10 -5.64225e+10 -5.63613e+10 -1.13906e+07
2.35303e+12 2.21043e+12 2.65305e+10 -8.54534e+10 -8.36733e+10 -3.31188e+08
2.26757e+12 2.12675e+12 2.61993e+10 -1.14504e+11 -1.10964e+11 -6.58741e+08
2.15307e+12 2.01579e+12 2.55406e+10 -1.43577e+11 -1.38231e+11 -9.94644e+08
2.00949e+12 1.87756e+12 2.45459e+10 -1.72674e+11 -1.65473e+11 -1.3398e+09
1.83682e+12 1.71208e+12 2.32061e+10 -2.01798e+11 -1.92685e+11 -1.69555e+09
1.63502e+12 1.5194e+12 2.15106e+10 -2.30955e+11 -2.19862e+11 -2.06392e+09
1.40406e+12 1.29954e+12 1.94466e+10 -2.60153e+11 -2.46994e+11 -2.44805e+09
1.14391e+12 1.05254e+12 1.69986e+10 -2.89405e+11 -2.74069e+11 -2.85319e+09
8.54507e+11 7.78475e+11 1.41454e+10 -3.18735e+11 -3.01057e+11 -3.28905e+09
5.35771e+11 4.77418e+11 1.08564e+10 -3.48199e+11 -3.27899e+11 -3.77679e+09
1.87572e+11 1.4952e+11 7.07957e+09 -3.77955e+11 -3.54414e+11 -4.37974e+09
-1.90383e+11 -2.04895e+11 2.69983e+09 -4.09111e+11 -3.79249e+11 -5.55565e+09
-5.99494e+11 -5.84144e+11 -2.85582e+09 -3.8198e+11 -3.5005e+11 -5.9404e+09
1e+06 1e+06 0 2900 -1400 800
1.0029e+06 998600 800 -2.81855e+10 -2.81855e+10 800
-2.81845e+10 -2.81845e+10 1600 -5.64315e+10 -5.63104e+10 -2.25306e+07
-8.46159e+10 -8.44948e+10 -2.2529e+07 -2.8246e+10 -2.81249e+10 -2.25322e+07
-1.12862e+11 -1.1262e+11 -4.50613e+07 -4.03103e+07 4.04354e+07 -1.50225e+07
-1.12902e+11 -1.12579e+11 -6.00837e+07 2.81754e+10 2.81956e+10 -3.75704e+06
-8.47268e+10 -8.43836e+10 -6.38408e+07 5.64013e+10 5.63407e+10 1.1264e+07
-2.83255e+10 -2.80429e+10 -5.25767e+07 8.46439e+10 8.4469e+10 3.25446e+07
5.63184e+10 5.6426e+10 -2.00322e+07 1.1297e+11 1.12513e+11 8.5123e+07
1.69289e+11 1.68939e+11 6.50908e+07 8.48117e+10 8.43004e+10 9.51388e+07
2.541e+11 2.53239e+11 1.6023e+08 5.65971e+10 5.6144e+10 8.42904e+07
3.10698e+11 3.09383e+11 2.4452e+08 2.83638e+10 2.80065e+10 6.64872e+07
3.39061e+11 3.3739e+11 3.11007e+08 1.18658e+08 -1.19229e+08 4.42581e+07
3.3918e+11 3.3727e+11 3.55265e+08 -2.81364e+10 -2.8235e+10 1.83409e+07
3.11044e+11 3.09035e+11 3.73606e+08 -5.64013e+10 -5.63408e+10 -1.12644e+07
2.54642e+11 2.52695e+11 3.62342e+08 -8.46779e+10 -8.44348e+10 -4.52286e+07
1.69964e+11 1.6826e+11 3.17113e+08 -1.12971e+11 -1.12512e+11 -8.54886e+07
5.69929e+10 5.5748e+10 2.31625e+08 -1.41299e+11 -1.40555e+11 -1.3834e+08
-8.43056e+10 -8.4807e+10 9.32843e+07 -1.69793e+11 -1.68427e+11 -2.54146e+08
-2.54099e+11 -2.53234e+11 -1.60862e+08 -1.41692e+11 -1.40158e+11 -2.85241e+08
-3.95791e+11 -3.93393e+11 -4.46103e+08 -1.13458e+11 -1.12021e+11 -2.67367e+08
-5.09249e+11 -5.05414e+11 -7.1347e+08 -8.51872e+10 -8.39213e+10 -2.35502e+08
-5.94436e+11 -5.89335e+11 -9.48972e+08 -5.68954e+10 -5.58426e+10 -1.95865e+08
-6.51331e+11 -6.45178e+11 -1.14484e+09 -2.85887e+10 -2.77788e+10 -1.50676e+08
-6.7992e+11 -6.72957e+11 -1.29551e+09 -2.69791e+08 2.72545e+08 -1.009e+08
-6.8019e+11 -6.72684e+11 -1.39641e+09 2.80604e+10 2.83126e+10 -4.69197e+07
-6.52129e+11 -6.44372e+11 -1.44333e+09 5.64018e+10 5.63412e+10 1.12645e+07
-5.95728e+11 -5.8803e+11 -1.43207e+09 8.47554e+10 8.43575e+10 7.40184e+07
-5.10972e+11 -5.03673e+11 -1.35805e+09 1.13123e+11 1.12359e+11 1.42212e+08
-3.97849e+11 -3.91314e+11 -1.21584e+09 1.41511e+11 1.40341e+11 2.1766e+08
-2.56338e+11 -2.50973e+11 -9.98177e+08 1.69929e+11 1.68292e+11 3.04506e+08
-8.64091e+10 -8.26806e+10 -6.93671e+08 1.98411e+11 1.96178e+11 4.15414e+08
1.12002e+11 1.13497e+11 -2.78258e+08 2.2721e+11 2.23735e+11 6.46609e+08
3.39212e+11 3.37232e+11 3.68352e+08 1.99212e+11 1.95363e+11 7.16167e+08
5.38424e+11 5.32595e+11 1.08452e+09 1.70944e+11 1.6726e+11 6.85471e+08
7.09369e+11 6.99855e+11 1.76999e+09 1.42606e+11 1.39228e+11 6.28391e+08
8.51975e+11 8.39083e+11 2.39838e+09 1.14231e+11 1.11234e+11 5.5759e+08
9.66205e+11 9.50317e+11 2.95597e+09 8.58314e+10 8.32641e+10 4.77643e+08
1.05204e+12 1.03358e+12 3.43361e+09 5.74133e+10 5.53133e+10 3.90702e+08
1.10945e+12 1.08889e+12 3.82432e+09 2.89796e+10 2.73784e+10 2.97901e+08
1.13843e+12 1.11627e+12 4.12222e+09 5.3192e+08 -5.42222e+08 1.9984e+08
1.13896e+12 1.11573e+12 4.32206e+09 -2.79291e+10 -2.84493e+10 9.6784e+07
1.11103e+12 1.08728e+12 4.41884e+09 -5.64034e+10 -5.63428e+10 -1.12683e+07
1.05463e+12 1.03094e+12 4.40757e+09 -8.48916e+10 -8.4222e+10 -1.24573e+08
9.69738e+11 9.46717e+11 4.283e+09 -1.13395e+11 -1.12085e+11 -2.43697e+08
8.56342e+11 8.34631e+11 4.0393e+09 -1.41917e+11 -1.3993e+11 -3.69668e+08
7.14425e+11 6.94701e+11 3.66963e+09 -1.70462e+11 -1.67751e+11 -5.04312e+08
5.43963e+11 5.2695e+11 3.16532e+09 -1.99039e+11 -1.95539e+11 -6.51098e+08
3.44924e+11 3.3141e+11 2.51422e+09 -2.27668e+11 -2.23273e+11 -8.17692e+08
1.17256e+11 1.08137e+11 1.69653e+09 -2.56411e+11 -2.5089e+11 -1.0272e+09
-1.39155e+11 -1.42753e+11 6.69329e+08 -2.85711e+11 -2.77911e+11 -1.45114e+09
-4.24866e+11 -4.20664e+11 -7.81807e+08 -2.57888e+11 -2.49369e+11 -1.58497e+09
-6.82754e+11 -6.70033e+11 -2.36677e+09 -2.29563e+11 -2.21324e+11 -1.53284e+09
-9.12317e+11 -8.91356e+11 -3.89962e+09 -2.01113e+11 -1.93404e+11 -1.43422e+09
-1.11343e+12 -1.08476e+12 -5.33384e+09 -1.72602e+11 -1.65549e+11 -1.31236e+09
-1.28603e+12 -1.25031e+12 -6.6462e+09 -1.44052e+11 -1.37733e+11 -1.17559e+09
-1.43008e+12 -1.38804e+12 -7.82178e+09 -1.15472e+11 -1.09948e+11 -1.02789e+09
-1.54556e+12 -1.49799e+12 -8.84967e+09 -8.68699e+10 -8.21859e+10 -8.71448e+08
-1.63243e+12 -1.58018e+12 -9.72112e+09 -5.82477e+10 -5.44445e+10 -7.0756e+08
-1.69067e+12 -1.63462e+12 -1.04287e+10 -2.96078e+10 -2.67214e+10 -5.3701e+08
-1.72028e+12 -1.66134e+12 -1.09657e+10 -9.51545e+08 9.84786e+08 -3.60248e+08
-1.72123e+12 -1.66036e+12 -1.13259e+10 2.77206e+10 2.86745e+10 -1.77482e+08
-1.69351e+12 -1.63168e+12 -1.15034e+10 5.64085e+10 5.63478e+10 1.12886e+07
-1.6371e+12 -1.57533e+12 -1.14921e+10 8.51128e+10 8.40041e+10 2.06266e+08
-1.55199e+12 -1.49133e+12 -1.12859e+10 1.13835e+11 1.11642e+11 4.07887e+08
-1.43816e+12 -1.37969e+12 -1.0878e+10 1.42576e+11 1.3926e+11 6.16889e+08
-1.29558e+12 -1.24043e+12 -1.02611e+10 1.71339e+11 1.66854e+11 8.34453e+08
-1.12424e+12 -1.07357e+12 -9.42663e+09 2.00131e+11 1.9442e+11 1.06248e+09
-9.24112e+11 -8.79154e+11 -8.36415e+09 2.28958e+11 2.21948e+11 1.30419e+09
-6.95154e+11 -6.57207e+11 -7.05996e+09 2.57836e+11 2.49421e+11 1.56557e+09
-4.37318e+11 -4.07785e+11 -5.49439e+09 2.868e+11 2.76804e+11 1.85973e+09
-1.50517e+11 -1.30981e+11 -3.63466e+09 3.15952e+11 3.03987e+11 2.22599e+09
1.65435e+11 1.73006e+11 -1.40867e+09 3.46016e+11 3.30149e+11 2.95197e+09
5.11451e+11 5.03156e+11 1.5433e+09 3.18469e+11 3.01341e+11 3.18654e+09
8.29919e+11 8.04497e+11 4.72984e+09 2.90054e+11 2.73387e+11 3.1008e+09
1.11997e+12 1.07788e+12 7.83063e+09 2.61433e+11 2.45643e+11 2.93768e+09
1.38141e+12 1.32353e+12 1.07683e+10 2.32714e+11 2.18003e+11 2.73688e+09
1.61412e+12 1.54153e+12 1.35052e+10 2.03932e+11 1.90428e+11 2.51253e+09
1.81805e+12 1.73196e+12 1.60177e+10 1.75107e+11 1.62898e+11 2.27134e+09
1.99316e+12 1.89486e+12 1.82891e+10 1.46247e+11 1.35405e+11 2.01708e+09
2.13941e+12 2.03026e+12 2.03061e+10 1.17358e+11 1.07941e+11 1.752e+09
2.25676e+12 2.1382e+12 2.20581e+10 8.84457e+10 8.05038e+10 1.47758e+09
2.34521e+12 2.21871e+12 2.35357e+10 5.95111e+10 5.30893e+10 1.19476e+09
2.40472e+12 2.2718e+12 2.47305e+10 3.05563e+10 2.56963e+10 9.04181e+08
2.43528e+12 2.29749e+12 2.56347e+10 1.58215e+09 -1.67621e+09 6.06207e+08
2.43686e+12 2.29582e+12 2.62409e+10 -2.74108e+10 -2.90287e+10 3.01017e+08
2.40945e+12 2.26679e+12 2.65419e+10 -5.64225e+10 -5.63613e+10 -1.13906e+07
2.35303e+12 2.21043e+12 2.65305e+10 -8.54534e+10 -8.36733e+10 -3.31188e+08
2.26757e+12 2.12675e+12 2.61993e+10 -1.14504e+11 -1.10964e+11 -6.58741e+08
2.15307e+12 2.01579e+12 2.55406e+10 -1.43577e+11 -1.38231e+11 -9.94644e+08
2.00949e+12 1.87756e+12 2.45459e+10 -1.72674e+11 -1.65473e+11 -1.3398e+09
1.83682e+12 1.71208e+12 2.32061e+10 -2.01798e+11 -1.92685e+11 -1.69555e+09
1.63502e+12 1.5194e+12 2.15106e+10 -2.30955e+11 -2.19862e+11 -2.06392e+09
1.40406e+12 1.29954e+12 1.94466e+10 -2.60153e+11 -2.46994e+11 -2.44805e+09
1.14391e+12 1.05254e+12 1.69986e+10 -2.89405e+11 -2.74069e+11 -2.85319e+09
8.54507e+11 7.78475e+11 1.41454e+10 -3.18735e+11 -3.01057e+11 -3.28905e+09
5.35771e+11 4.77418e+11 1.08564e+10 -3.48199e+11 -3.27899e+11 -3.77679e+09
1.87572e+11 1.4952e+11 7.07957e+09 -3.77955e+11 -3.54414e+11 -4.37974e+09
-1.90383e+11 -2.04895e+11 2.69983e+09 -4.09111e+11 -3.79249e+11 -5.55565e+09
-5.99494e+11 -5.84144e+11 -2.85582e+09 -3.8198e+11 -3.5005e+11 -5.9404e+09
